Parameters: -a 4.6 -t 4.6 -u 4.6

Pesos:0
0.27073 -0.27073 
29.64710 -29.64710 
-11.61232 11.61232 
-5.01397 5.01397 
-6.52548 6.52548 
27.22861 -27.22861 
13.00238 -13.00238 
-2.76023 2.76023 
-32.20000 32.20000 


Predictions: 
-1.00000 1.00000 
-1.00000 1.00000 
-1.00000 1.00000 
1.00000 -1.00000 
-1.00000 1.00000 
-1.00000 1.00000 
-1.00000 1.00000 
-1.00000 1.00000 
-1.00000 1.00000 
-1.00000 1.00000 
-1.00000 1.00000 
-1.00000 1.00000 
1.00000 -1.00000 
0.00000 0.00000 
-1.00000 1.00000 
-1.00000 1.00000 
-1.00000 1.00000 
-1.00000 1.00000 
-1.00000 1.00000 
-1.00000 1.00000 
1.00000 -1.00000 
-1.00000 1.00000 
-1.00000 1.00000 
-1.00000 1.00000 
-1.00000 1.00000 
-1.00000 1.00000 
-1.00000 1.00000 
-1.00000 1.00000 
-1.00000 1.00000 
1.00000 -1.00000 
1.00000 -1.00000 
-1.00000 1.00000 
-1.00000 1.00000 
-1.00000 1.00000 
-1.00000 1.00000 
-1.00000 1.00000 
-1.00000 1.00000 
-1.00000 1.00000 
-1.00000 1.00000 
-1.00000 1.00000 
1.00000 -1.00000 
-1.00000 1.00000 
-1.00000 1.00000 
-1.00000 1.00000 
-1.00000 1.00000 
-1.00000 1.00000 
-1.00000 1.00000 
-1.00000 1.00000 
-1.00000 1.00000 
-1.00000 1.00000 
-1.00000 1.00000 
-1.00000 1.00000 
-1.00000 1.00000 
-1.00000 1.00000 
-1.00000 1.00000 
-1.00000 1.00000 
-1.00000 1.00000 
-1.00000 1.00000 
-1.00000 1.00000 
-1.00000 1.00000 
-1.00000 1.00000 
-1.00000 1.00000 
-1.00000 1.00000 
-1.00000 1.00000 
-1.00000 1.00000 
1.00000 -1.00000 
-1.00000 1.00000 
-1.00000 1.00000 
-1.00000 1.00000 
-1.00000 1.00000 
-1.00000 1.00000 
-1.00000 1.00000 
-1.00000 1.00000 
-1.00000 1.00000 
-1.00000 1.00000 
-1.00000 1.00000 
-1.00000 1.00000 
-1.00000 1.00000 
-1.00000 1.00000 
-1.00000 1.00000 
1.00000 -1.00000 
-1.00000 1.00000 
-1.00000 1.00000 
-1.00000 1.00000 
-1.00000 1.00000 
-1.00000 1.00000 
1.00000 -1.00000 
-1.00000 1.00000 
-1.00000 1.00000 
-1.00000 1.00000 
-1.00000 1.00000 
-1.00000 1.00000 
-1.00000 1.00000 
-1.00000 1.00000 
-1.00000 1.00000 
-1.00000 1.00000 
-1.00000 1.00000 
-1.00000 1.00000 
-1.00000 1.00000 
1.00000 -1.00000 
-1.00000 1.00000 
-1.00000 1.00000 
-1.00000 1.00000 
-1.00000 1.00000 
-1.00000 1.00000 
-1.00000 1.00000 
-1.00000 1.00000 
-1.00000 1.00000 
-1.00000 1.00000 
-1.00000 1.00000 
-1.00000 1.00000 
1.00000 -1.00000 
-1.00000 1.00000 
-1.00000 1.00000 
-1.00000 1.00000 
1.00000 -1.00000 
-1.00000 1.00000 
-1.00000 1.00000 
-1.00000 1.00000 
-1.00000 1.00000 
-1.00000 1.00000 
-1.00000 1.00000 
0.00000 0.00000 
1.00000 -1.00000 
-1.00000 1.00000 
0.00000 0.00000 
-1.00000 1.00000 
-1.00000 1.00000 
-1.00000 1.00000 
-1.00000 1.00000 
-1.00000 1.00000 
-1.00000 1.00000 
1.00000 -1.00000 
-1.00000 1.00000 
-1.00000 1.00000 
-1.00000 1.00000 
-1.00000 1.00000 
-1.00000 1.00000 
-1.00000 1.00000 
-1.00000 1.00000 
-1.00000 1.00000 
-1.00000 1.00000 
-1.00000 1.00000 
-1.00000 1.00000 
-1.00000 1.00000 
-1.00000 1.00000 
1.00000 -1.00000 
-1.00000 1.00000 
-1.00000 1.00000 
-1.00000 1.00000 
-1.00000 1.00000 
-1.00000 1.00000 
-1.00000 1.00000 
-1.00000 1.00000 
-1.00000 1.00000 
-1.00000 1.00000 
-1.00000 1.00000 
-1.00000 1.00000 
-1.00000 1.00000 
-1.00000 1.00000 
-1.00000 1.00000 
-1.00000 1.00000 
-1.00000 1.00000 
-1.00000 1.00000 
-1.00000 1.00000 
-1.00000 1.00000 
-1.00000 1.00000 
-1.00000 1.00000 
-1.00000 1.00000 
-1.00000 1.00000 
-1.00000 1.00000 
-1.00000 1.00000 
-1.00000 1.00000 
-1.00000 1.00000 
-1.00000 1.00000 
-1.00000 1.00000 
-1.00000 1.00000 
-1.00000 1.00000 
-1.00000 1.00000 
-1.00000 1.00000 
-1.00000 1.00000 
-1.00000 1.00000 
-1.00000 1.00000 
-1.00000 1.00000 
-1.00000 1.00000 
-1.00000 1.00000 
-1.00000 1.00000 
-1.00000 1.00000 
-1.00000 1.00000 
-1.00000 1.00000 
1.00000 -1.00000 
-1.00000 1.00000 
-1.00000 1.00000 
-1.00000 1.00000 
-1.00000 1.00000 
-1.00000 1.00000 
-1.00000 1.00000 
-1.00000 1.00000 
-1.00000 1.00000 
-1.00000 1.00000 
-1.00000 1.00000 
-1.00000 1.00000 
-1.00000 1.00000 
-1.00000 1.00000 
-1.00000 1.00000 
-1.00000 1.00000 
-1.00000 1.00000 
